0 0.08774038461538461 0.5096153846153846 0.039663461538461536 0.11538461538461539
0 0.7872596153846154 0.5661057692307693 0.07692307692307693 0.078125
0 0.4266826923076923 0.6995192307692307 0.078125 0.054086538461538464
0 0.20673076923076922 0.7079326923076923 0.0829326923076923 0.06009615384615385
0 0.5576923076923077 0.7439903846153846 0.07932692307692307 0.06490384615384616
0 0.3605769230769231 0.7896634615384616 0.06129807692307692 0.0985576923076923
0 0.6370192307692307 0.8016826923076923 0.0733173076923077 0.07692307692307693
0 0.5913461538461539 0.1045673076923077 0.0829326923076923 0.05048076923076923
0 0.7439903846153846 0.17668269230769232 0.06971153846153846 0.0829326923076923
0 0.2512019230769231 0.20673076923076922 0.04807692307692308 0.11298076923076923
0 0.6081730769230769 0.2536057692307692 0.0829326923076923 0.07692307692307693
0 0.828125 0.27403846153846156 0.06370192307692307 0.09254807692307693
0 0.7127403846153846 0.33653846153846156 0.08052884615384616 0.06490384615384616
0 0.16105769230769232 0.40865384615384615 0.051682692307692304 0.09134615384615384
0 0.7331730769230769 0.4411057692307692 0.06490384615384616 0.09134615384615384
0 0.8774038461538461 0.46033653846153844 0.040865384615384616 0.1141826923076923